{
 "cells": [
  {
   "cell_type": "code",
   "execution_count": 37,
   "metadata": {},
   "outputs": [
    {
     "data": {
      "text/plain": [
       "<module 'calculate_distances' from 'c:\\\\Users\\\\lenjjiv\\\\code-projects\\\\experiments\\\\n-gram-embedder\\\\calculate_distances.py'>"
      ]
     },
     "execution_count": 37,
     "metadata": {},
     "output_type": "execute_result"
    }
   ],
   "source": [
    "import importlib\n",
    "import calculate_distances\n",
    "importlib.reload(calculate_distances)"
   ]
  },
  {
   "cell_type": "code",
   "execution_count": 40,
   "metadata": {},
   "outputs": [
    {
     "name": "stdout",
     "output_type": "stream",
     "text": [
      "Iter    4 | Energy = 2516.9778\n",
      "Iter    8 | Energy = 2509.5156\n",
      "Iter   12 | Energy = 2505.7268\n",
      "Iter   16 | Energy = 2503.5349\n",
      "Iter   20 | Energy = 2502.1460\n",
      "Iter   24 | Energy = 2501.1785\n",
      "Iter   28 | Energy = 2500.4543\n",
      "Iter   32 | Energy = 2499.8691\n",
      "Iter   36 | Energy = 2499.3647\n",
      "Iter   40 | Energy = 2498.9294\n",
      "Iter   44 | Energy = 2498.5232\n",
      "Iter   48 | Energy = 2498.1611\n"
     ]
    }
   ],
   "source": [
    "from calculate_distances import optimize_coulomb_energy\n",
    "\n",
    "# Пример использования функции\n",
    "points, energy = optimize_coulomb_energy(N=100, d=32, lr=0.05, n_iter=48, log_iter=4)"
   ]
  },
  {
   "cell_type": "code",
   "execution_count": 41,
   "metadata": {},
   "outputs": [
    {
     "name": "stdout",
     "output_type": "stream",
     "text": [
      "Минимальное косинусное расстояние: 0.7326564906082844\n",
      "Среднее косинусное расстояние: 0.9999999967426005\n",
      "Дисперсия косинусного расстояния: 0.03137442008100376\n",
      "Максимальное косинусное расстояние: 1.6876473109076895\n",
      "\n",
      "Минимальное евклидово расстояние: 1.2105010917005563\n",
      "Среднее евклидово расстояние: 1.4035960356155992\n",
      "Дисперсия евклидово расстояния: 0.029918178853110367\n",
      "Максимальное евклидово расстояние: 1.8371975587187086\n"
     ]
    },
    {
     "data": {
      "application/vnd.plotly.v1+json": {
       "config": {
        "plotlyServerURL": "https://plot.ly"
       },
       "data": [
        {
         "coloraxis": "coloraxis",
         "hovertemplate": "x: %{x}<br>y: %{y}<br>color: %{z}<extra></extra>",
         "name": "0",
         "type": "heatmap",
         "xaxis": "x",
         "yaxis": "y",
         "z": [
          [
           0,
           1.1112260082951533,
           1.1014724892704046,
           1.3275015699350066,
           1.3731077642205165,
           1.0198159655436803,
           1.186111125088878,
           1.1945094427633745,
           0.96241713471911,
           0.8494422788163093,
           1.1778243892141862,
           0.8552082788623352,
           0.948942967281835,
           1.1422250797329256,
           0.8196594340073098,
           0.9107808685279605,
           0.8572109350116974,
           0.9610615396065333,
           0.9796506591392973,
           1.0279441983986093,
           1.2369496401937343,
           1.0374652032913112,
           1.0449464154839727,
           1.030161789666169,
           1.0010697231882395,
           0.8630764301868656,
           1.3924856923153333,
           0.8805566107500029,
           0.9115279151335142,
           0.8746523191271596,
           0.7819118521851552,
           1.1635467748544919,
           0.9875115873950139,
           0.9835526535906063,
           0.8928499471145945,
           0.824098590024878,
           1.2444364921429234,
           0.9908820603121051,
           1.1366096165079287,
           0.917749173324925,
           0.9934292882715445,
           0.9200163799265564,
           0.8140113242294341,
           1.0663884256760228,
           0.9071260308612219,
           0.8076297412395266,
           0.9640087648466338,
           1.0873195008025387,
           0.8838903876803669,
           0.8958645379399568,
           0.8504563468085915,
           0.9039343176406414,
           1.0578569273692149,
           1.4648421633394073,
           0.965077164116385,
           1.0776580457811535,
           0.9236473510227758,
           0.9213022456496094,
           0.9953679435998137,
           0.9443723015172562,
           0.9662531213056598,
           0.832408879299114,
           0.8212317714593336,
           1.06607797250129,
           1.4360870168875342,
           0.8313738313607509,
           1.0403022245640212,
           0.9358582323596649,
           0.9118143274864466,
           0.9685735218556,
           0.8370556500742103,
           0.9039741906470161,
           1.1564824868586174,
           0.7578759659023484,
           1.0121800497081987,
           1.2403873862948283,
           1.271952762994574,
           0.9469712965278454,
           1.1270604279972067,
           0.883433197742469,
           1.2053042647856276,
           0.87908043185924,
           0.9811181034538369,
           0.9230192386781334,
           1.0010691869102306,
           1.0928364213438375,
           1.1810923559840631,
           0.9595959471431694,
           1.1216129732963358,
           1.0306987738671183,
           0.9487285604889653,
           0.9944578162946897,
           1.0244237069408513,
           0.9732512368114189,
           1.0892723346722397,
           0.9634574396955032,
           0.9668277125992061,
           1.3154729079734289,
           0.8790518989873527,
           1.075959561698454
          ],
          [
           1.1112260082951533,
           0,
           0.9460475914657697,
           0.9045236846314665,
           1.1336873608162867,
           1.3772431555189524,
           1.2166209901378158,
           1.2328078672070935,
           1.0743197250621654,
           0.734416334412892,
           1.1461089333480787,
           0.9669771332887009,
           1.1501984700337613,
           1.4390485612263915,
           0.840882722508542,
           0.9345456369626901,
           1.015094493114612,
           1.2431717765559949,
           1.147838875940621,
           1.0691896274691441,
           1.0019781822015832,
           0.8687468298232439,
           1.2156624010789456,
           0.8948199543599051,
           0.8453337242556657,
           1.3106000162978773,
           0.939665280311742,
           0.9059379577906523,
           1.0057912358867052,
           1.1515621071418323,
           1.0676827958858814,
           1.0285257563521464,
           1.3378550179547501,
           1.0958718739330613,
           0.862857465959719,
           0.9663362718336573,
           0.9300710597552628,
           1.0656831908678062,
           1.107774359371894,
           0.9150646983060102,
           0.8895315829585974,
           0.8037399213308754,
           0.9904559582597278,
           0.872834745027558,
           0.9513556848462792,
           1.0825408358916737,
           0.9180671694992556,
           0.9144888682114756,
           1.194046675288263,
           0.9992558959470182,
           0.9843635979907212,
           1.136938405537164,
           1.004249269495606,
           0.9841542525446833,
           0.9369837427651605,
           0.997456604723154,
           1.1493977245036213,
           1.2245760597809825,
           0.7376870062347686,
           0.9793606275650362,
           0.8484501527000795,
           0.9520296872602005,
           1.0513530733093122,
           1.016608313917361,
           0.7341724519239337,
           1.193782652688651,
           0.9791452643354208,
           1.048025129242419,
           0.8892493191819615,
           0.9380901473760355,
           0.8573599465549989,
           0.9574132767365412,
           0.8051529494885239,
           1.004945249165201,
           1.092510626305191,
           0.9114665696940867,
           0.8827963846286782,
           1.2879956680123619,
           1.2495196850744983,
           0.951791787185745,
           0.901400078071492,
           0.8549999833592004,
           0.8809522870701042,
           1.1888491487632695,
           1.0209983430653622,
           0.9370261761753573,
           1.0664021915110213,
           0.8203008354749277,
           1.0176757084484473,
           1.1257490234965482,
           0.9279576227604223,
           1.0300940236975014,
           0.932324153739358,
           0.8199931561407586,
           1.04869271650385,
           1.0770704767745019,
           1.0074346195047652,
           0.8392199694987155,
           0.9652461752371034,
           0.9329224322476067
          ],
          [
           1.1014724892704046,
           0.9460475914657697,
           0,
           1.106657989115718,
           0.8484959834657435,
           1.0203832466804688,
           0.9499991799845385,
           0.9919770240267057,
           0.9127186344029786,
           0.9579686285997181,
           0.9860563435759061,
           0.9565510202491272,
           0.9126878230058095,
           1.0933148106036212,
           0.8497069659841117,
           1.011228638030712,
           0.9306091509557792,
           1.3890052633409775,
           0.8561682700453033,
           1.0540129989510212,
           1.0557579896619527,
           0.9715861785860271,
           1.0971840639317645,
           1.102400985184926,
           1.2087863304327868,
           0.9468233483572355,
           0.9768324469527333,
           0.7681919391980763,
           1.1605966498003577,
           0.9785591762666377,
           0.8480503893915208,
           1.1477240377679583,
           0.9590405167878665,
           0.9396500468852312,
           1.032438085460651,
           1.0006859035975475,
           0.9391436916286057,
           1.4332687660019432,
           1.1233720191443517,
           0.8574055493340467,
           0.8746945003726121,
           1.1712403599460868,
           0.9468070603172462,
           1.018735362605549,
           0.9032164549863952,
           0.981565943774057,
           0.864567174804526,
           0.9232348661412773,
           0.8381241862401447,
           0.8256134058119757,
           1.0388182244551878,
           1.0156787340197937,
           0.9860393094429368,
           0.9568388114786702,
           1.110113352748849,
           0.9421583458350605,
           1.0934512444792424,
           0.7919059601136298,
           1.3601236364590692,
           0.9515537861743614,
           0.9355153447085696,
           0.9094587499521435,
           1.1049771339602263,
           0.8003320366670437,
           0.860404425356665,
           1.3975461671559017,
           0.9902954476714404,
           1.4232384410271128,
           0.8809949612254165,
           0.9995616612724315,
           1.0020166253869491,
           0.9409350013405723,
           1.0994626103491234,
           0.9496785838966207,
           0.8353805166565889,
           0.7790747167118331,
           0.9387412889476345,
           1.0259404341062501,
           0.9931398408602283,
           1.2227937935186697,
           0.879514374698736,
           1.1099255842859845,
           1.043258382887028,
           0.8192407216100106,
           1.01964604752405,
           0.8418589146918061,
           1.2372635408554136,
           1.043763965229975,
           1.1602644377859614,
           1.0629482526958032,
           1.00306508029522,
           0.8701863694403965,
           0.9774315319347163,
           1.0118236755720902,
           1.0150522254631225,
           1.225368859231129,
           1.120144607998773,
           0.957739377459994,
           1.3888104253384779,
           1.1049163435286689
          ],
          [
           1.3275015699350066,
           0.9045236846314665,
           1.106657989115718,
           0,
           1.1115159232276062,
           1.1014443395137588,
           0.8629691560321116,
           0.8409035407626801,
           0.9192741032016859,
           0.9227421842148908,
           1.0515213090109166,
           1.1555363813532638,
           0.9676499803143696,
           1.104426928542611,
           0.8807117048718236,
           1.2327527122596706,
           0.9660168855235416,
           1.0846757674212633,
           1.016354950043069,
           0.9639789864559704,
           0.907306292635263,
           1.1747789008738496,
           0.9031832296819339,
           1.056856550096795,
           1.1565503208457348,
           0.9492360248084316,
           0.934719562836947,
           0.9070167153326916,
           1.183082972300815,
           1.1470866851812762,
           1.5101646893704028,
           0.8751816502737257,
           0.9305912510444516,
           1.1812455228671794,
           0.9081372150823126,
           1.1015347937395414,
           1.1206924910967375,
           0.8334030158060146,
           0.9529392247253505,
           1.0402909810733987,
           0.8585762177671726,
           1.1135032983629747,
           0.7377116750738713,
           1.0282876898487048,
           0.9660493103002629,
           1.2601047918989174,
           0.8486701594925694,
           1.1766189842212718,
           1.384990047082115,
           0.8881839464580271,
           0.8440322194028594,
           1.269415479390221,
           0.873053171120296,
           0.8395504436401486,
           1.1537790980820617,
           1.2067967452767248,
           0.9228126986214068,
           1.0366992346740567,
           1.0098929928984446,
           1.0769419103413007,
           1.0005730924785405,
           0.9677438403109812,
           0.8619068598413934,
           0.9396774901025122,
           0.9827968405892382,
           0.8521100870273498,
           0.9802674083764191,
           0.8287529102902117,
           1.3110884588719194,
           1.0758063376936822,
           1.1136603585923541,
           1.1816596349633604,
           0.9071621821611232,
           0.853213731742526,
           0.8655168663738064,
           0.9895661668815735,
           0.8105289442083267,
           0.973338032047238,
           0.7914998955244661,
           0.8463910537643302,
           0.9045270558504809,
           1.121000951399326,
           0.7825430025971616,
           0.9884611996786243,
           0.8871933983719293,
           1.0559782735870196,
           0.9295801028079453,
           1.0586412832032872,
           0.9559981196857554,
           0.9373060299685647,
           0.8738237604144071,
           1.1370614199948144,
           0.9792762506652043,
           0.9277302404720416,
           1.1536625072694577,
           1.3545897188846237,
           0.9912049260006691,
           0.8645129913328944,
           1.0683288497010235,
           1.106038942251216
          ],
          [
           1.3731077642205165,
           1.1336873608162867,
           0.8484959834657435,
           1.1115159232276062,
           0,
           0.9790555588696694,
           0.9900919857662692,
           1.0144228719352602,
           0.9173584435134426,
           1.1007349362960628,
           1.0368525814907095,
           1.1923977017824425,
           0.9963220148616426,
           0.8416392832330002,
           0.9955301392570657,
           1.0860213378961956,
           0.9388579625281018,
           1.1219642297722197,
           0.9768619462313198,
           1.0248277681603477,
           0.8937555230194866,
           1.0058082488094828,
           0.9092121356362011,
           1.0700739545827078,
           0.9733510551590071,
           1.1023135817649556,
           1.215430513477314,
           0.9721181102190515,
           1.1672748074354082,
           1.2454625530769565,
           1.0065316619735265,
           0.8596497728186575,
           0.8982143932035727,
           0.8827412935340839,
           1.0375682484297033,
           0.899797028708253,
           0.9328275197887127,
           0.8902927928937512,
           1.1556651695543332,
           1.4904424102666778,
           1.1021898766869496,
           1.0774096694128383,
           1.1563669174280014,
           0.951133797026073,
           1.1529948604353286,
           1.203739490827195,
           1.109765608188087,
           0.8175047888889393,
           0.9097212702149059,
           1.3620224861727037,
           1.1044113588367777,
           0.8615204741088722,
           1.0776356686463853,
           0.9049272371868334,
           1.0270718450932774,
           0.7799555709695617,
           1.2036027855368305,
           0.8466584642351366,
           1.0998177173352592,
           1.0571783485847621,
           0.9730167814956613,
           0.9037453258025102,
           1.1170609014661042,
           1.0708881950423192,
           0.7927969617799805,
           1.3152159390490432,
           1.1657963526062536,
           0.9399882444718448,
           0.9642709583517346,
           0.8359038474710023,
           0.9800286846976174,
           0.9091506463649787,
           0.9202127583095226,
           1.0768843729355813,
           0.7620495557080273,
           0.8163099032984955,
           0.9164387914766955,
           0.8314866665670559,
           0.7758692696255699,
           0.9616164588679466,
           0.9371828529675973,
           0.9821353771749703,
           1.2375244041468663,
           0.8073161396718765,
           1.0976910524927999,
           1.211712200643197,
           1.0324521172900492,
           0.9093259251771315,
           0.8852809349988322,
           1.0179013272141788,
           0.7997787863993339,
           1.2643235618813322,
           1.120049105813997,
           0.9416956054216331,
           0.807426725428918,
           0.8924243975545989,
           1.0233348878219197,
           1.0846718072056556,
           0.9545346580844127,
           0.8703041297604833
          ],
          [
           1.0198159655436803,
           1.3772431555189524,
           1.0203832466804688,
           1.1014443395137588,
           0.9790555588696694,
           0,
           0.9767551899854753,
           1.0700156628516835,
           0.9451091513145715,
           1.0478834739188136,
           1.1029420314825,
           0.9133137519304484,
           1.2868105590895476,
           0.9573337557150668,
           1.5163795655093375,
           1.0564114344136537,
           1.0212488969672608,
           0.9976498547044781,
           0.94271125240392,
           0.9914156623935868,
           0.9940438723321061,
           1.0666441860031504,
           0.9760161508755099,
           1.0108623048666003,
           0.9956974175259422,
           0.8614797042542355,
           0.9159714010122842,
           1.036500434648886,
           0.7921521338126266,
           0.8221385141528302,
           0.8330779627440047,
           1.0536638228987645,
           1.0266823360007062,
           1.1630052822910193,
           0.9475474592504857,
           1.0230100380120788,
           1.0807062670849434,
           0.8833074723349704,
           0.9242899428044941,
           0.8511768344888061,
           0.9603065543301185,
           1.5006927709448257,
           1.0387561619587002,
           1.2216526037057638,
           0.891280277756604,
           0.9002550770151807,
           1.281030062855757,
           1.1071399058187925,
           0.9612716133516561,
           1.3180416122151606,
           1.363546020953159,
           0.9762094026998132,
           0.8467326605689481,
           0.8795732966641882,
           1.083934688532537,
           0.8551995461368773,
           1.3206681586779045,
           0.9138826634520021,
           1.1322646578121216,
           0.8901213118415331,
           0.90347105612462,
           0.8474593677250741,
           0.9174025030512108,
           0.8178410971339061,
           1.088414780285554,
           0.944686357879411,
           0.8019374301336859,
           0.8693503091334378,
           1.0118645399850128,
           0.9676646210281322,
           1.0987928537979936,
           0.9504108868341681,
           0.9977878101457675,
           0.8629479377034192,
           1.026350381296685,
           0.9319463588879219,
           0.9480375321570514,
           0.959989466079871,
           1.0106959130732294,
           0.8266237072548379,
           0.9265082074427013,
           0.9998612917398829,
           0.8906450436778105,
           0.9199602088008814,
           0.9042494516970098,
           1.002266817496783,
           0.9214049990374753,
           1.1959898863232334,
           1.081331716076407,
           0.9555063108895541,
           1.247492940189191,
           1.2239927308836058,
           0.8298428413050005,
           1.0474700652645024,
           0.8537564165999071,
           0.8977065712642005,
           1.0870850770193925,
           1.0067936411760747,
           1.1652229921940611,
           1.033216098486158
          ],
          [
           1.186111125088878,
           1.2166209901378158,
           0.9499991799845385,
           0.8629691560321116,
           0.9900919857662692,
           0.9767551899854753,
           0,
           0.8346846864169988,
           0.966555308554905,
           1.0586154384367656,
           0.9532715386039816,
           1.2157830154978577,
           1.1830586605977986,
           1.0442560267638457,
           1.1941836203148144,
           0.9142689450861721,
           0.9980272911403663,
           1.0486841439811037,
           0.9885462229083943,
           0.9370726916930756,
           0.8525442829854238,
           1.4431690122940428,
           0.8354001387003409,
           1.1585920959384195,
           0.8577130819462216,
           0.9056092459042091,
           0.9102921611229715,
           1.049175974789277,
           1.0028494443220002,
           0.9528774398016115,
           1.048523044976881,
           0.8393632682339535,
           1.2015367827458474,
           0.9575476672915816,
           0.9974442121366096,
           0.9540892957015568,
           0.8798569282229234,
           1.2533348345455537,
           1.1093234473785454,
           0.9175848295364004,
           0.8150719546878942,
           0.8822869992656845,
           1.0545963089358312,
           1.0804055043003784,
           1.1583166097879736,
           1.1186237615729182,
           1.0242508478823205,
           1.112032098728272,
           0.8797221198549378,
           0.8882058870532105,
           0.8552238433426742,
           1.1045551954170396,
           1.0941287891526836,
           1.1682243719352106,
           0.8694601889859114,
           1.3497283955499995,
           0.9278103717332994,
           0.8249556188966305,
           1.1137339330836573,
           0.8727553836194448,
           1.0109973525724387,
           1.176988521422915,
           0.9238978308867829,
           0.9639013211702139,
           1.0356583779971233,
           1.136734787290213,
           0.85998379521638,
           0.8808009356952523,
           0.8898043199411787,
           1.0437683225041772,
           0.9323637527855124,
           0.8651184276998758,
           1.1004373515103407,
           0.9417854160887491,
           0.9227313384665824,
           0.8647304985963462,
           0.9376623584942444,
           0.9936096105779885,
           0.7829573646089583,
           0.9207899399220855,
           1.0374294198305032,
           1.5825536767631525,
           1.2353506662879619,
           1.3691242660957428,
           1.1308156251988122,
           1.0422544393669733,
           0.928839461561491,
           1.0470122436612315,
           0.9118662826543493,
           0.8332461898755488,
           1.1136346248556006,
           0.8738661275139753,
           0.897623238829481,
           0.8921912515487547,
           1.022181867671414,
           0.9819584228156343,
           1.192911322870616,
           1.0378323271538508,
           1.0205440580845875,
           0.8224267916097214
          ],
          [
           1.1945094427633745,
           1.2328078672070935,
           0.9919770240267057,
           0.8409035407626801,
           1.0144228719352602,
           1.0700156628516835,
           0.8346846864169988,
           0,
           1.347006816884745,
           1.0913030092086704,
           1.0500417659458992,
           1.008836277634523,
           0.76738627511088,
           0.8410963902818074,
           1.02414673725821,
           0.9452273529393782,
           0.9562367799350814,
           1.0680808007363725,
           0.9010853149444359,
           1.0640948709817262,
           0.8024646653534108,
           0.8214211284347908,
           1.1772597151128592,
           0.8176993724237304,
           1.0405939419372865,
           0.934303543188983,
           0.8770467843129484,
           1.1517845640512516,
           0.8355974981037713,
           0.9496307459696787,
           1.26397060586868,
           0.8111134369634204,
           0.8516644809191107,
           0.9777953742661265,
           0.8017536093145743,
           1.0471691680996706,
           1.0689740103630065,
           1.1737611344421606,
           1.0026313329092285,
           0.8393064278299723,
           0.9118817370764087,
           1.1987766341611348,
           0.899267149776887,
           0.8810327272102214,
           0.9155915151109862,
           1.2774330550216924,
           1.187924932813446,
           0.8783024612810125,
           0.9103554372466199,
           0.9575031999731601,
           0.7717759965913384,
           1.1014750012298786,
           1.0348737377012505,
           0.9045525209269125,
           1.0506320305112749,
           1.0637220926129185,
           1.0031863419748424,
           0.9716145380802808,
           1.0839324619959674,
           1.0746866415188823,
           0.9810728179721325,
           0.9902696038217564,
           1.1118103838317737,
           1.1456909894911746,
           0.9731251438698058,
           0.9058602483770863,
           1.2877453778620604,
           0.88525930080507,
           0.9567554321487032,
           1.318351385842926,
           0.86251446870374,
           1.3073290584424437,
           1.1247723598400012,
           0.9770182322369066,
           1.110952587698017,
           0.9021284411722417,
           0.937967162121785,
           0.8013959364057065,
           0.8674195509405458,
           0.9436560972885633,
           0.9702626694089563,
           1.0969025739520306,
           1.1354990524310553,
           1.2254931621169631,
           1.1683489918428418,
           0.8269891205330879,
           0.8669274494811844,
           0.8502879943064297,
           1.1171332996972332,
           1.0853667925346608,
           0.9756605827336223,
           0.9035085248226451,
           1.0938602107829514,
           1.253020151968353,
           0.8324316320864036,
           0.8459968690622248,
           1.1161209969519492,
           1.2128623602087856,
           1.0302701171628519,
           1.4345287537117104
          ],
          [
           0.96241713471911,
           1.0743197250621654,
           0.9127186344029786,
           0.9192741032016859,
           0.9173584435134426,
           0.9451091513145715,
           0.966555308554905,
           1.347006816884745,
           0,
           1.1624977102686087,
           0.8030006524902044,
           1.1613298545854918,
           1.269934699599792,
           0.9090446649634372,
           0.9607810433155751,
           1.0647400938216172,
           1.2160094137124366,
           1.1110717111978383,
           0.9703509930104046,
           0.9047741019161117,
           1.2134642765234422,
           1.0001886541632292,
           0.9174052579738456,
           0.9901947222079568,
           1.328895321555871,
           0.9126395560529548,
           1.2997340246551063,
           0.8031227622489288,
           0.904408765664951,
           0.9355123698238464,
           1.1947192501905541,
           1.0252021795426096,
           0.7902627080540228,
           1.0867758665664955,
           1.1012053508212445,
           1.0498846815406746,
           0.8642526313546278,
           0.8997737529271987,
           0.9127006358402092,
           0.9594175821244878,
           0.810317991484478,
           0.8251078777924548,
           0.9394679259965181,
           1.0848535842604279,
           1.0101977222553327,
           0.9088845984908983,
           0.9995497620719207,
           1.044992922371581,
           1.061175241805125,
           1.1128053866877192,
           1.045198973791853,
           0.8747573441529715,
           0.9455351285869306,
           1.2916933046544148,
           1.1616578971690363,
           0.7753909782697692,
           1.0407111996510987,
           0.9293647626284258,
           0.9250725372248221,
           1.0083816329687023,
           0.9717898406894151,
           1.0321902746753295,
           0.8471511504095551,
           1.1103235584731181,
           0.8556393126182871,
           1.1776802946330385,
           0.8778280486799918,
           0.8469485992574302,
           1.134166983509682,
           0.9614831411225554,
           0.8448956149812035,
           0.8103332236505195,
           1.114707776754998,
           1.1756656663072242,
           0.8781894365105769,
           0.9995291639055124,
           1.1471747022299061,
           0.9168230438587867,
           0.8661239902228772,
           0.9973013106826796,
           1.2373123041311496,
           0.9497917495687191,
           0.9838498399451313,
           1.0353234591637415,
           0.814590844311847,
           0.9032610221739132,
           0.9904254538623701,
           1.004312885976682,
           0.8507913213184227,
           1.22805573347987,
           1.3448314812884887,
           0.9512886114040702,
           0.954157994244828,
           0.8328504352924929,
           1.1642215992011553,
           1.6360540596270716,
           1.124980192363413,
           1.0331401221928298,
           0.9309961720688754,
           0.9016683989473739
          ],
          [
           0.8494422788163093,
           0.734416334412892,
           0.9579686285997181,
           0.9227421842148908,
           1.1007349362960628,
           1.0478834739188136,
           1.0586154384367656,
           1.0913030092086704,
           1.1624977102686087,
           0,
           1.1758450844001966,
           1.1854280419553405,
           0.9217573368549055,
           1.489732200358444,
           1.044831380974806,
           1.1610335580036848,
           0.8270728711931828,
           0.8063085179931612,
           0.8909762107468304,
           0.8005920840209215,
           0.8385659100289157,
           0.9996045950637822,
           1.1941457718179165,
           1.3634842425806792,
           0.9250786330763645,
           0.9517008573460475,
           0.8808041321039767,
           0.924472084135429,
           0.9698119472651202,
           0.8793011096717993,
           1.0608595836837584,
           1.2965905660614228,
           1.1945895216846003,
           1.0519056106428806,
           0.8544476089780896,
           0.8791791533017744,
           0.8857982780971695,
           0.9287239634491011,
           0.875612108125457,
           1.2771793473186615,
           0.8654049207062227,
           0.9506885360833847,
           0.9588561618970747,
           1.0956089695922224,
           0.9072709101451978,
           1.2353607504836615,
           1.10145032013707,
           0.9945472842477024,
           0.8690267576574155,
           0.931755461920319,
           1.0645793127343253,
           1.0278587019745686,
           1.016346131367934,
           1.0906565687806455,
           1.0641637931480594,
           0.9273987111652102,
           0.903443194657014,
           1.1259776963409505,
           0.968860890018351,
           1.000756192597731,
           0.8999424640848206,
           1.0288353669658565,
           0.8712134029750643,
           0.9539022015581726,
           0.9762766649023163,
           1.0923639012214852,
           0.9346535229828171,
           0.9761710442157026,
           0.9443308462932517,
           0.9106454265936867,
           0.8051077757187804,
           1.5590687542982336,
           1.2767134118789625,
           1.0799340519426492,
           0.8827754324840412,
           0.8521789914076016,
           1.0516686067155758,
           1.1065392635314066,
           1.0343834638168818,
           0.8677034026071525,
           1.082653708732017,
           1.0051893568889847,
           1.0687742215681493,
           0.7942507538600632,
           1.1146595691599661,
           0.9516137424540503,
           1.0330307007533366,
           1.1587310855673627,
           1.1744538473363035,
           0.9533181588029251,
           0.9121360599735986,
           1.115313578895832,
           0.9084977905805046,
           0.8920370092673566,
           1.147521718516606,
           0.9025039196344885,
           0.8048533778931757,
           1.17410809998837,
           1.1932363269194823,
           0.9469731417544165
          ],
          [
           1.1778243892141862,
           1.1461089333480787,
           0.9860563435759061,
           1.0515213090109166,
           1.0368525814907095,
           1.1029420314825,
           0.9532715386039816,
           1.0500417659458992,
           0.8030006524902044,
           1.1758450844001966,
           0,
           0.905727814086609,
           0.966186928350358,
           0.9181085364335689,
           1.3538091469209794,
           1.1277584180533553,
           0.9444910158704078,
           0.954177884285654,
           1.1747444917509562,
           1.2718525464831074,
           1.3871230633010732,
           1.0558290718410146,
           1.1055772568867717,
           1.0906990515139536,
           1.0996655679861784,
           0.98301832032099,
           0.7868930149728186,
           1.1266501925367092,
           0.9835023483527594,
           0.8876836043871247,
           0.8986710804709376,
           0.9814645842602059,
           0.9071087688450674,
           0.8730468646003939,
           1.2265979660173238,
           1.0681911738590735,
           0.8994091968233869,
           0.8281081419444994,
           1.2351264455943767,
           1.0939972545461643,
           1.0110631106381125,
           0.9557104147450445,
           0.8987529783451276,
           0.7822194856304863,
           1.1308031443443134,
           1.054733008858027,
           1.0576024080092816,
           0.8216112897149952,
           1.1638452904014633,
           0.8695898520246041,
           0.8031170586066918,
           1.0057371270406585,
           0.920355435453157,
           1.2275162909105304,
           0.8206029050608903,
           0.9638825959969373,
           0.8126726605062264,
           1.0999162631568615,
           1.0527235579799443,
           1.0634976757094523,
           1.0078834673901729,
           1.5155052931843445,
           0.7915589063887566,
           0.929418636751429,
           0.9511861884196089,
           0.9699125677694886,
           0.8599369646025975,
           0.9806410170729185,
           0.9505468293633593,
           0.9907987263532512,
           0.9151025256620707,
           0.9690109400650724,
           0.8453534962251973,
           1.1528583989891943,
           0.990634886292532,
           0.9370068630876347,
           0.9680643386756137,
           0.9755839777487815,
           1.0448788201923662,
           1.2468403884146313,
           1.0726275462784842,
           0.9131255184037379,
           1.160007847304782,
           0.8187047908411668,
           0.9344359676381272,
           0.7800450811571883,
           0.8877789672518847,
           1.1076554222202102,
           0.9514534576215848,
           0.942460844803946,
           1.1184324341628953,
           0.9025269628345467,
           1.2218083054512827,
           0.9889795300472818,
           0.7469789439670687,
           1.264153297739503,
           0.927287093913361,
           0.8671522650236932,
           1.1433611764694707,
           1.1245226143946379
          ],
          [
           0.8552082788623352,
           0.9669771332887009,
           0.9565510202491272,
           1.1555363813532638,
           1.1923977017824425,
           0.9133137519304484,
           1.2157830154978577,
           1.008836277634523,
           1.1613298545854918,
           1.1854280419553405,
           0.905727814086609,
           0,
           1.2129010505713078,
           1.0069247928481253,
           1.0989189438508924,
           1.1670877965559,
           0.8525159943862561,
           1.0572847055976895,
           0.9901742494376047,
           0.9111933095047265,
           1.0388734328201221,
           0.893375958115962,
           1.0245553102693037,
           0.9234376204064327,
           0.9626563429682102,
           1.2009395280617614,
           1.1227687653304508,
           1.0355371815540055,
           0.9021635144223175,
           0.7946456623038889,
           0.9166686599431628,
           1.0396901213148695,
           0.8155153849029575,
           0.9615566871529095,
           0.8888489981574031,
           1.1180186463765487,
           0.7881723597276731,
           0.9835585677913967,
           1.2736947110477868,
           1.0370446800588486,
           1.3472131135394243,
           1.1985439484632718,
           0.9026592268065876,
           1.0622011667404392,
           0.919804680972846,
           0.908697056061672,
           1.1843377777081092,
           0.972418412239309,
           1.430032888682947,
           0.8113969740715175,
           0.9485871333078683,
           0.9876716738699551,
           0.972930100166099,
           0.9730264060519546,
           0.8466576262815279,
           1.062190358673297,
           0.850105781997215,
           0.8495207747644397,
           1.3269684101319992,
           0.9480913036129132,
           1.156511999519536,
           0.9299658720237691,
           0.9762559013254236,
           1.0478178343878541,
           0.9253360177874167,
           0.9686275981234228,
           1.0011856228026677,
           1.1550051861448736,
           0.9063990023682744,
           1.4174281775336384,
           1.0251815819000816,
           0.8445158132511652,
           1.0325463633157832,
           1.1673170501363141,
           1.403561112094096,
           1.079944985511074,
           0.9001105724245922,
           1.1721905832834127,
           1.1628489748145785,
           0.8155254210170565,
           0.8911158053394845,
           0.9826662532572428,
           0.9382782440056661,
           0.8506287288861533,
           0.8861462330360668,
           1.0446407330030028,
           1.3219170616423161,
           0.8603118223008657,
           0.915200897553768,
           1.0951754636365671,
           0.8156044421299369,
           0.8188880209786803,
           0.7916156365353721,
           0.9886268729763459,
           0.9016890877049134,
           0.8770020778663192,
           0.9189224106869148,
           0.8761276598456473,
           1.0022433853025425,
           1.0980499945117908
          ],
          [
           0.948942967281835,
           1.1501984700337613,
           0.9126878230058095,
           0.9676499803143696,
           0.9963220148616426,
           1.2868105590895476,
           1.1830586605977986,
           0.76738627511088,
           1.269934699599792,
           0.9217573368549055,
           0.966186928350358,
