{
 "cells": [
  {
   "cell_type": "code",
   "execution_count": 6,
   "metadata": {},
   "outputs": [
    {
     "name": "stdout",
     "output_type": "stream",
     "text": [
      "Note: you may need to restart the kernel to use updated packages.\n"
     ]
    }
   ],
   "source": [
    "%pip install datasets python-Levenshtein -q"
   ]
  },
  {
   "cell_type": "code",
   "execution_count": 1,
   "metadata": {},
   "outputs": [],
   "source": [
    "import pandas as pd\n",
    "\n",
    "splits = {\n",
    "    \"train\": \"train.jsonl\",\n",
    "    \"validation\": \"validation.jsonl\",\n",
    "    \"test\": \"test.jsonl\",\n",
    "}\n",
    "\n",
    "df = pd.read_json(\n",
    "    \"hf://datasets/ai-forever/kinopoisk-sentiment-classification/\" + splits[\"train\"],\n",
    "    lines=True,\n",
    ")\n",
    "\n",
    "texts = df.text.to_list()"
   ]
  },
  {
   "cell_type": "code",
   "execution_count": 2,
   "metadata": {},
   "outputs": [
    {
     "data": {
      "text/plain": [
       "'Если честно, меня не очень впечатлила новость, о том, что Гай Ричи собирается снять фильм, о Шерлоке Холмсе. Подумал — да это же будет: Карты, деньги, два ствола — у Холмса и у Ватсона. Но затем по мере появления трейлеров, и большей информации поменял своё отношение.\\n«Шерлок Холмс» — последняя картина, на которую я планировал пойти в этом году. Жутко боялся, что она меня разочарует т. к. перед этим были расстроившие «Безумный спецназ», «Так себе каникулы» и немного 2012. Но Холмс полностью оправдал доверия.\\nСюжет\\nВ ленте динамичный, а главное интересный и захватывающий сюжет, что в последнее время не так уж и часто. Новый Холмс не поход классический образ представленный в картинах Игоря Масленникова, но это не портит его образ. Он больше подобен на Тони Старку из «Железного человека» или Грегори Хаусу из сериала «Доктор Хаус». Как и они, он весьма харизматичен, слегка безумен, но гениален в своём любимом деле.\\nНа первый взгляд сюжет портит сверхъестественное восстание из могилы лорда Блэквуда и другие необъяснимые вещи, но к концу всё становится на свои места. Кстати, в фильме отсутствуют некоторые моменты, присутствовавшие в трейлере. В современной версии не хватило места и выражению «Элементарно Ватсон!»\\nКартинка и звук\\nРежиссером стал Гай Ричи известный английский режиссер — создатель таких культовых фильмов как «Большой куш», «Карты, деньги, 2 ствола» и не плохого «Рок-н-рольщика». Его фильмы всегда впечатляют. И этот не исключение. Новый Холмс снят отлично. Картинка потрясающая — викторианский Лондон XIX века выглядит реалистично. А композитор Ханс Зиммер написал не плохую музыку к фильму.\\nИгра актеров\\nРоберт Дауни младший великолепно исполнил роль Холмса — сыграно красиво, интересно, с юмором. А Джуд Лоу — Ватсона. Да и вообще, актерская игра всех потрясающая и Рэйчел МакАдамс и Марка Стронга в том числе.\\nИтог\\nПредскажу, что кино больше понравится молодому поколению, а старшее посчитает фильм очередной попыткой переделать известного героя под современный мир или даже святотатством. Мне очень понравился, после просмотра замечено повышение настроения. Не пожалел что пошел, отличный фильм для зимних каникул, и рекомендую всем к просмотру.\\nP.S. Жду продолжения и обязательно от Гая Ричи…'"
      ]
     },
     "execution_count": 2,
     "metadata": {},
     "output_type": "execute_result"
    }
   ],
   "source": [
    "texts[0]"
   ]
  },
  {
   "cell_type": "markdown",
   "metadata": {},
   "source": [
    "Составляем словарь букв"
   ]
  },
  {
   "cell_type": "code",
   "execution_count": 3,
   "metadata": {},
   "outputs": [
    {
     "data": {
      "text/plain": [
       "['\\\\', '©', '«', '®', '±', '·', '»', 'і', '—', '‘', '’', '“', '„', '•', '…']"
      ]
     },
     "execution_count": 3,
     "metadata": {},
     "output_type": "execute_result"
    }
   ],
   "source": [
    "import re\n",
    "import string\n",
    "\n",
    "# Составляем словарь букв\n",
    "vocab = set()\n",
    "punctuation = string.punctuation\n",
    "\n",
    "for text in texts:\n",
    "    text = re.sub(f\"[{punctuation}]\", \"\", text)\n",
    "    text = re.sub(r\"[\\t\\n ]\", \"\", text)\n",
    "    text = text.lower()\n",
    "    vocab.update(text)\n",
    "\n",
    "# Выводим всё небуквенное\n",
    "sorted(\n",
    "    vocab - \n",
    "    set(\n",
    "        string.ascii_lowercase + \n",
    "        string.ascii_uppercase + \n",
    "        string.digits + \n",
    "        \"абвгдеёжзийклмнопрстуфхцчшщъыьэюя\"\n",
    "    )\n",
    ")"
   ]
  },
  {
   "cell_type": "code",
   "execution_count": 4,
   "metadata": {},
   "outputs": [],
   "source": [
    "# Словарь, основанный на whitelist'е\n",
    "vocab = set(\n",
    "    string.ascii_lowercase +\n",
    "    string.digits + \n",
    "    \"абвгдеёжзийклмнопрстуфхцчшщъыьэюя\"\n",
    ")"
   ]
  },
  {
   "cell_type": "markdown",
   "metadata": {},
   "source": [
    "Распределяем точки равномерно по сфере"
   ]
  },
  {
   "cell_type": "code",
   "execution_count": 45,
   "metadata": {},
   "outputs": [
    {
     "name": "stdout",
     "output_type": "stream",
     "text": [
      "Iter   16 | Energy = 28472.8516\n",
      "Iter   32 | Energy = 28421.9160\n",
      "Iter   48 | Energy = 28394.1387\n",
      "Iter   64 | Energy = 28375.4570\n",
      "Iter   80 | Energy = 28362.3848\n",
      "Iter   96 | Energy = 28352.9785\n",
      "Минимальное косинусное расстояние: 0.7425143995549892\n",
      "Среднее косинусное расстояние: 0.9999999935175443\n",
      "Дисперсия косинусного расстояния: 0.04176415857335563\n",
      "Максимальное косинусное расстояние: 1.849953337523781\n",
      "\n",
      "Минимальное евклидово расстояние: 1.2186175422534782\n",
      "Среднее евклидово расстояние: 1.3997493324612353\n",
      "Дисперсия евклидово расстояния: 0.0407017866448335\n",
      "Максимальное евклидово расстояние: 1.923514066909535\n"
     ]
    },
    {
     "data": {
      "application/vnd.plotly.v1+json": {
       "config": {
        "plotlyServerURL": "https://plot.ly"
       },
       "data": [
        {
         "coloraxis": "coloraxis",
         "hovertemplate": "x: %{x}<br>y: %{y}<br>color: %{z}<extra></extra>",
         "name": "0",
         "type": "heatmap",
         "xaxis": "x",
         "yaxis": "y",
         "z": [
          [
           0,
           0.9791812787252228,
           0.9341381528962666,
           1.14180061446324,
           0.976140910105231,
           0.8545432284870794,
           1.0163845698882852,
           1.248205758535664,
           0.9959211413250707,
           1.0322377823672333,
           0.9848181036791148,
           1.1613592764784626,
           0.8660534851733556,
           0.8451884551234579,
           1.0379861752799349,
           1.1726746247333082,
           0.9639167856299642,
           0.8690924634186041,
           0.8813656994087967,
           1.411676811064949,
           0.9133434585605343,
           0.8264919262056256,
           0.8427436744843255,
           1.056485861456393,
           1.0323921425620863,
           0.8531393325948855,
           0.8169730501988276,
           0.9820040972371368,
           0.9310254388563336,
           1.177779511920189,
           1.0367293459356555,
           1.5712568539678493,
           1.0448532304585336,
           0.9987205465741432,
           0.9067828323459931,
           1.3228171210397788,
           0.9820473805693246,
           0.8692643822184806,
           0.9686256484764922,
           0.9657432440694951,
           0.9442662670072801,
           0.9569641186697618,
           1.3272882242143167,
           1.06121566217449,
           0.9236370776333658,
           0.9789922542476719,
           0.8373395051092035,
           1.0667340291734737,
           0.9451347481248241,
           1.1307008690520801,
           0.9498110783466855,
           0.9682392752616904,
           0.917259202081519,
           0.804418885597542,
           0.8589740544430511,
           0.9760789661152901,
           1.0425108203841456,
           1.2175163863571892,
           1.260510509312973,
           1.3882742878926924,
           0.8926167956524104,
           1.031051306880021,
           0.7482694986620683,
           0.9456915762237149,
           1.0596168109737534,
           0.9574533338898759,
           1.1938828549201908,
           0.8764075617706629,
           1.267854540086871
          ],
          [
           0.9791812787252228,
           0,
           0.9852897114946789,
           1.0358895650827016,
           1.1032291694182528,
           0.9625700649993933,
           0.8194871646498951,
           1.114425872720946,
           1.0156241284529302,
           0.8176174328362892,
           0.8651343955584219,
           0.9060814039767637,
           1.1310101111250273,
           0.7849213029046684,
           0.8933161955426983,
           1.181403017190303,
           0.9621251091000559,
           0.8992023249625831,
           0.8895233311917878,
           1.1228782498782082,
           1.1438051155668856,
           1.0121517295452913,
           1.1172751933970324,
           1.4482669328591236,
           0.9323503645873837,
           1.1429242533669486,
           0.9881756658367395,
           1.0196779485496548,
           1.0717361559793612,
           0.9360332856566989,
           0.910027646973953,
           1.0333160149334175,
           1.0742212874176762,
           0.7936087072398309,
           0.8359470526990663,
           0.9142356800769113,
           0.9507633262294322,
           0.8676212829367818,
           1.2491492514845193,
           0.8975624025193669,
           1.018259642694508,
           0.9976047971152107,
           1.0421088997944068,
           0.857438843825006,
           1.1638856492965255,
           0.876438282378303,
           0.9451571141310247,
           0.8743495430948429,
           1.0093130505284498,
           0.9904624223369388,
           0.9446182367315028,
           1.0419912703312626,
           1.377067344155552,
           1.038913633195526,
           0.8887210755793076,
           1.4761588889957646,
           1.4795584353593316,
           0.8634459844116489,
           0.8825871885030049,
           0.966002016189723,
           0.9516028217651769,
           1.4021575458258493,
           0.8829478358126155,
           1.0260684994453866,
           1.0668619230907452,
           1.4774849126374878,
           0.8403421965601083,
           0.8964048667315546,
           0.9146589490021191
          ],
          [
           0.9341381528962666,
           0.9852897114946789,
           0,
           1.018775604950787,
           0.9486524776427854,
           0.9183722144486572,
           1.0011539558266938,
           0.991773132946037,
           1.0712273343526009,
           0.9100100879338494,
           0.8519989680550195,
           1.028187935911946,
           1.0097976943830824,
           0.914556426543671,
           0.9419938975142389,
           1.2452571610548686,
           0.9225494920178475,
           1.1081575427351469,
           1.0054278974030573,
           0.9877000203890908,
           1.24160175332614,
           0.9570604507643528,
           0.9737863892758605,
           0.8610203704477045,
           0.9374259410732558,
           0.8881614503674368,
           0.9554141361454811,
           0.9811382934027907,
           1.0369802432162414,
           0.8585804687460671,
           0.9450675052334778,
           0.8443308467395616,
           1.0398261076402162,
           0.949925170853346,
           1.1876001395034634,
           0.8983786568074322,
           0.9047201811551857,
           1.1420351093039023,
           0.9511786617774358,
           0.923613010027936,
           0.928868396743527,
           0.9144155374138814,
           1.528887762579264,
           0.9659568829798214,
           0.9766793031504872,
           1.0059625166578496,
           0.9924777643982501,
           0.8845496430457622,
           0.9738179339303068,
           0.9255616702763643,
           0.8734168925042722,
           1.0240771540375389,
           0.92336285632646,
           1.0709192270023198,
           0.8651336888736144,
           1.3149284759438369,
           0.9020292873964394,
           1.0626940842536572,
           0.9836322099063608,
           1.0763107303040533,
           1.068547626714322,
           0.9075983081321921,
           1.5945237608209406,
           0.854088207164164,
           1.5501720667695786,
           1.06313932174512,
           1.6117454804577327,
           0.9017868260006082,
           0.980537297851804
          ],
          [
           1.14180061446324,
           1.0358895650827016,
           1.018775604950787,
           0,
           1.120656928292999,
           1.4153480800861615,
           0.9506305950145104,
           1.0067169163686809,
           0.9575901487378083,
           0.8933768225999138,
           1.1070592782005715,
           1.4314998460208175,
           1.5876999657242448,
           0.8877596531751757,
           1.010507014720304,
           0.9510126714930482,
           0.9647185410642136,
           0.8195886777369632,
           1.2185369323745125,
           0.8797300255653336,
           0.8864580909336865,
           0.8796252484570419,
           0.932247391419536,
           0.9610624304095005,
           0.9077439287994568,
           0.9934358496607114,
           0.9563766695486653,
           1.513951179322103,
           0.868803147177959,
           1.4578840683571475,
           1.0086991388168314,
           0.8612345071415927,
           0.8512906588541035,
           0.9600055732040328,
           0.9664241666652319,
           0.917321456573465,
           1.0383528158847157,
           0.9419878820798718,
           0.9621886801876823,
           0.8343308349662398,
           0.9872132459875945,
           0.9517763218755569,
           0.9810346191504523,
           1.0399448259910455,
           0.8798052620435549,
           0.9350322108507682,
           1.362270623269486,
           0.9760968841914521,
           1.1665311336789124,
           0.8443712800091907,
           0.8518477366289481,
           0.873156923471196,
           0.8980835242529417,
           0.8813214065284081,
           1.109751112113679,
           1.1153595121890847,
           0.9697889215188422,
           1.2097425510147513,
           0.9557892802338329,
           0.9782808339138692,
           1.1608655400760883,
           1.0118538707369749,
           0.9052167858012725,
           0.9990814814588886,
           1.2134878077209221,
           0.9733131055366852,
           0.9239653073013476,
           0.8618918732961561,
           0.884114998012675
          ],
          [
           0.976140910105231,
           1.1032291694182528,
           0.9486524776427854,
           1.120656928292999,
           0,
           0.9056274705071968,
           0.8298035311388798,
           0.8115882108196288,
           0.8413180496302101,
           1.2708131917939132,
           1.0330848813246871,
           1.2159992559254422,
           0.9208710591096275,
           0.9971331376810074,
           0.9651486504510437,
           0.9510455299504378,
           0.9553111124595628,
           0.9917709771749099,
           0.871211020712994,
           0.9032231288830115,
           0.8706557049566344,
           1.0122415940617004,
           1.0653542779978324,
           1.091727222702746,
           1.0911294032023566,
           1.0985280545282838,
           0.888608328895404,
           0.9405056406645796,
           0.9020549419737698,
           1.1429240431790786,
           1.0628318759786393,
           0.8983681317918353,
           1.1021752341600626,
           0.9022530121410176,
           1.0801055879672206,
           1.4408310400390971,
           0.9919302814615897,
           1.6745462832640658,
           0.9581678176445567,
           0.9736732494708806,
           1.099332308779053,
           1.008321968867616,
           1.2761401997132822,
           0.9359770950805082,
           1.5166265689105218,
           1.0410806403393091,
           0.8808812470213779,
           0.9164257495280637,
           0.9687197637390783,
           0.935789614260587,
           0.8881367296295682,
           0.8968963571124792,
           1.2849470358370985,
           0.7885855669852377,
           0.9156639797667694,
           0.8613274619974056,
           0.9223478016135385,
           0.8958666046947549,
           1.0961224413309036,
           0.9803157902925279,
           1.3996381111626937,
           1.05422493352173,
           1.0520714592492002,
           0.9123055990324872,
           0.9371975938409274,
           0.899370306886537,
           0.9667535407283383,
           0.9632964442442559,
           0.9039927524824987
          ],
          [
           0.8545432284870794,
           0.9625700649993933,
           0.9183722144486572,
           1.4153480800861615,
           0.9056274705071968,
           0,
           0.767634065909597,
           1.081323358465818,
           0.8495836190513122,
           1.3609400889431542,
           1.0196705567104234,
           0.8329815379523151,
           0.9093540777304621,
           0.985489227521792,
           0.8424421621588369,
           1.1887842269765587,
           0.9456835193072,
           1.0287082713552178,
           0.852509673601462,
           0.9915787012634295,
           0.9460994880440434,
           0.9997861691925795,
           0.94314421220066,
           0.9998544789918243,
           0.9181372564506771,
           1.0723328488706305,
           0.9723167571199972,
           0.9140600735488498,
           1.157831244319159,
           0.9043872950881635,
           0.8990728879751649,
           0.9661138520853125,
           0.8985722335954839,
           0.8532068620346542,
           0.8741284407265455,
           0.9649752555964519,
           1.0231809950847512,
           0.8294477110881292,
           1.1400653839622747,
           1.3675770862978227,
           0.9194894501138641,
           1.0166652129664138,
           0.9839991588284058,
           1.0943555631138107,
           1.5007925108851068,
           1.027320428308951,
           1.010260539406664,
           1.0006477900482498,
           1.2167321179992785,
           1.0512537664754518,
           0.9016964826531197,
           0.8767506354234631,
           0.9931207779898638,
           1.4496823169797701,
           1.06566218545265,
           0.8247531485401227,
           0.9140169856876257,
           1.1637035158456428,
           0.9426051413865775,
           1.0091360658597994,
           0.9306643857646885,
           1.0310311186763337,
           1.0553676698305594,
           1.4657851360246843,
           0.9426121489807222,
           0.9132276572918024,
           1.391366008712959,
           0.8426504277727949,
           1.1065536223738026
          ],
          [
           1.0163845698882852,
           0.8194871646498951,
           1.0011539558266938,
           0.9506305950145104,
           0.8298035311388798,
           0.767634065909597,
           0,
           0.9125370324472541,
           0.841586158553746,
           0.859221015894224,
           1.0311005008046368,
           1.0315223552550936,
           0.9611446176216022,
           0.9100681856574717,
           1.0956462811678818,
           0.8942499111640934,
           0.8597079211299465,
           0.9176731699885069,
           1.0863949408915508,
           1.1430990168404622,
           1.0857021000431262,
           0.9170519181436902,
           0.8861489868777452,
           0.9063601255553613,
           1.113013545818282,
           0.9560329605914771,
           0.9725362118250072,
           1.1472221888948682,
           0.9245583430787532,
           1.028704013343124,
           1.0895511650828373,
           1.0918630972193093,
           0.9254995684966792,
           1.1767153430104764,
           0.9620329618324703,
           0.9455693056260026,
           0.8196127720160105,
           1.0905662904696778,
           1.5664756126586543,
           0.9999559249250068,
           0.9824491798316176,
           0.958245238024681,
           0.8814037339399887,
           1.062122570577035,
           1.6804624064234353,
           1.026287914771563,
           1.0035119272160467,
           1.089282768626588,
           0.9049285286278187,
           0.9631568912833026,
           1.033331331939558,
           1.0585006728300748,
           0.8760378493654479,
           0.9633008616852725,
           1.5368260363562314,
           1.4057368302553122,
           0.957308404523389,
           1.2276990466493203,
           0.9355845506940587,
           0.9419811684955356,
           1.071379911340982,
           0.9772325306367342,
           0.9217214539639215,
           0.8596577971732327,
           0.918871087618523,
           1.0737409887445093,
           1.140089161685738,
           1.1092438730567455,
           0.9058138132384308
          ],
          [
           1.248205758535664,
           1.114425872720946,
           0.991773132946037,
           1.0067169163686809,
           0.8115882108196288,
           1.081323358465818,
           0.9125370324472541,
           0,
           1.3287422226590775,
           0.9178831721268472,
           1.2797124167650578,
           0.9450633628729926,
           0.9626904146924159,
           0.9156416516079486,
           0.8929187459463563,
           0.9140061656659434,
           0.9848124347474136,
           0.9930047655470529,
           0.9720882282834469,
           1.0820408177033591,
           0.9655608166964146,
           0.928593468398777,
           0.9343293508931834,
           1.1048280678578943,
           0.8130934276924588,
           0.8940563097217368,
           1.5672955729699694,
           0.8987859226061331,
           1.2257223119167,
           1.1902411169873826,
           0.8729666928736184,
           0.9057517668811121,
           0.9045280298904395,
           0.9601970401893493,
           0.8560381820695306,
           0.8405058383347903,
           0.8912540453025015,
           1.5767533684561572,
           0.8834123844842471,
           1.3439807336417489,
           1.0232946993398266,
           1.1426247021524827,
           1.0065037162565253,
           1.4761472924309123,
           1.0684302002607662,
           1.0918136216370762,
           1.025705801722994,
           0.9847388909967875,
           0.9145173869427705,
           0.8993417733938541,
           0.9487385152895151,
           0.9255165163102675,
           1.0450318775097802,
           0.9841621893341255,
           0.9917358098871203,
           1.1373761042666506,
           0.9235592992046977,
           0.9305850182459321,
           0.9181985153606417,
           1.1870053752543268,
           0.899329316818751,
           0.8349668921814373,
           0.9369984056904195,
           0.8299931674812685,
           1.009850426502304,
           1.0584850935762455,
           0.892417221323271,
           0.9849815712212172,
           1.014933832110755
          ],
          [
           0.9959211413250707,
           1.0156241284529302,
           1.0712273343526009,
           0.9575901487378083,
           0.8413180496302101,
           0.8495836190513122,
           0.841586158553746,
           1.3287422226590775,
           0,
           0.8735253897445254,
           0.9418679450053346,
           1.0363659732436614,
           1.1771597727315584,
           0.9505765681909643,
           1.2670501778481509,
           0.9714081491907346,
           1.6370736976555882,
           0.8692981362815282,
           0.9589239545472175,
           1.0242802174541905,
           0.9798767047109282,
           0.8950816708221107,
           1.1288073162352588,
           1.0017559422850975,
           0.9259934335466509,
           0.9391664043144463,
           0.8872604083461825,
           0.9087359221109842,
           0.8817410620190472,
           0.9902729035360749,
           1.0752751033987382,
           0.8616023595105138,
           0.9525975478695042,
           1.1086902761019524,
           0.9737878609180991,
           0.9094559025775298,
           1.3283483682495192,
           0.9320918202935168,
           0.8247402420159422,
           0.8710256397202484,
           1.0838094677711112,
           0.8496834448002036,
           0.8397986378086236,
           0.8865202356484889,
           1.4562965705370081,
           0.8862966017317451,
           0.9629009201708882,
           1.2743982514833994,
           0.8885546325240763,
           0.8962356561721468,
           0.8479910763597056,
           1.1112690674618784,
           0.9149304133585475,
           1.0230130620379128,
           0.8301115857893033,
           1.0752117180383804,
           0.9634468785225624,
           1.137593651355802,
           1.4867024064770868,
           0.9950114647372459,
           1.0686299344728427,
           1.0614922241881073,
           1.2258180434638095,
           1.322301073443115,
           0.8914765580325786,
           0.9483371873858345,
           1.028464963302139,
           1.1311301511274265,
           0.9270244677708651
          ],
          [
           1.0322377823672333,
           0.8176174328362892,
           0.9100100879338494,
           0.8933768225999138,
           1.2708131917939132,
           1.3609400889431542,
           0.859221015894224,
           0.9178831721268472,
           0.8735253897445254,
           0,
           0.8548342822012541,
           0.9509005313736535,
           0.9773625064909883,
           1.244848783936958,
           0.8365816365782086,
           0.9594366606191295,
           1.2387768393218366,
           1.0311100978314494,
           0.9549376230431486,
           1.0177041859856615,
           0.8677816339356311,
           0.979714817825907,
           1.1008916702960803,
           0.895362191477825,
           1.1254295405150219,
           0.9473146120154052,
           0.9517571674958774,
           0.8461548210933947,
           0.9511907747559599,
           1.1805858698575746,
           0.8654962124826564,
           0.9873989576336768,
           0.9958983248551163,
           1.228778440231643,
           0.8810397140294548,
           0.9982415433000229,
           0.8596094466303171,
           0.9142795828382109,
           1.147322384430664,
           1.0864029672106692,
           0.9332206798488184,
           1.1654159821077597,
           0.9496737747252707,
           1.1786282866722537,
           0.8646596452538486,
           1.0143627783649363,
           1.0070180770036536,
           0.9513872073955468,
           0.9834797545390649,
           0.9354859732132301,
           0.9013436491418921,
           1.2793654276487292,
           0.9599299336898713,
           0.8646712803307287,
           0.8934302671209675,
           1.7880781529526164,
           1.3195619984978546,
           1.0151479656794238,
           1.3533605159352953,
           0.9205377063034214,
           0.9489564485635438,
           0.8649168824421398,
           1.1251873267921215,
           0.8979137284235443,
           0.9742101402652484,
           0.8598795831338724,
           0.9566673966108022,
           1.13915910386362,
           1.1417268809610994
          ],
          [
           0.9848181036791148,
           0.8651343955584219,
           0.8519989680550195,
           1.1070592782005715,
           1.0330848813246871,
           1.0196705567104234,
           1.0311005008046368,
           1.2797124167650578,
           0.9418679450053346,
           0.8548342822012541,
           0,
           1.0265829990946362,
           0.8923135792903166,
           1.0708628590562717,
           0.9596263957111362,
           0.9071085848856085,
           0.9682959405980163,
           1.2879395789247208,
           0.960268533225791,
           0.8423704255987472,
           0.9150083874743202,
           0.9773500145499077,
           1.5669040362383124,
           0.957836126094899,
           0.8980272777752946,
           1.1814168825051494,
           1.002966502877591,
           0.8907510228138416,
           0.8276040233754992,
           0.8805865905349729,
           0.8030351471919127,
           1.2871297247825604,
           1.0424168660764908,
           0.9254373522727158,
           1.0656699813767303,
           0.9612479902191648,
           1.1877142740594533,
           0.8672179978518146,
           0.9151422015214666,
           0.9037325051529723,
           1.4705795842553973,
           0.9644662747317163,
           0.9414400429654212,
           1.0590688206322352,
           0.9619419419770878,
           1.160726374344627,
           1.068466874285432,
           0.9290927295550808,
           0.9639731084140901,
           1.029670038073029,
           1.3191262210998993,
           0.8073729947086746,
           0.944454287512313,
           0.8795246710428406,
           1.0609585752505244,
           1.326852823093835,
           0.8470401055000065,
           0.8652084235360188,
           1.0637932239962713,
           0.8995729884048247,
           1.2489744660511422,
           1.2320442474609767,
           0.8641928511695589,
           0.9662441775051166,
           0.9800744543248102,
           0.9614241626545901,
           1.4615929993835588,
           0.8514082094297681,
           0.9321261180911278
          ],
          [
           1.1613592764784626,
           0.9060814039767637,
           1.028187935911946,
           1.4314998460208175,
           1.2159992559254422,
           0.8329815379523151,
           1.0315223552550936,
           0.9450633628729926,
           1.0363659732436614,
           0.9509005313736535,
           1.0265829990946362,
           0,
           0.8300186606972298,
           0.920270580792778,
           0.9910014208565228,
           0.9187528141918458,
           1.1638896569355837,
           0.8300345746266748,
           0.9253034637389046,
           1.0277858891963574,
           0.9510287093878126,
           0.879046364722222,
           1.1984172055778595,
           1.2618754485804682,
           1.2896692605847606,
           0.891136079484862,
           0.9183053017095211,
           0.9585810652896893,
           0.8674226607556059,
           0.9048754097188749,
           0.8641508478053783,
           0.8723150256056793,
           0.9974594126992063,
           0.9318378257258333,
           1.1603771496590762,
           0.8199080912945351,
           0.9557934444844005,
           1.002770546416689,
           0.9966056184801669,
           1.067092267766316,
           1.1258074455164042,
           1.1558424340241675,
           0.9215379205593995,
           1.0705576543539974,
           0.9332629367824589,
           0.9777545843580443,
           0.9306671097833856,
           0.8474936237337273,
           0.9304851126286923,
           1.684720579433286,
           0.9092588298394066,
           0.9739630093325456,
           0.8126035485452773,
           1.470775846956704,
           1.0234709274168359,
           0.9763264031598092,
           0.9467315762977797,
           0.9090678920540297,
           0.9531656393611124,
           0.942847731378652,
           0.9716586613795797,
           0.8988557288930751,
           1.1995017084831079,
           0.8819315550764972,
           0.9203977520349784,
           1.2528819896725667,
           0.8977566110170988,
           1.3189084974703469,
           1.1992397954481824
          ],
          [
           0.8660534851733556,
           1.1310101111250273,
           1.0097976943830824,
           1.5876999657242448,
           0.9208710591096275,
           0.9093540777304621,
           0.9611446176216022,
           0.9626904146924159,
           1.1771597727315584,
           0.9773625064909883,
           0.8923135792903166,
           0.8300186606972298,
           0,
           1.0854664189576473,
           0.9299268437851353,
           0.9245315331825046,
           0.9123921656562356,
           1.3365965912660323,
           1.0477245330024614,
           0.918500777265584,
           0.9153289298017478,
           0.9399970312504755,
           1.0981590693597494,
           0.9142459960360239,
           1.430571437123843,
           0.8968583602034024,
           0.9000836604796463,
           0.7962785060169212,
           1.3681186857236027,
           0.9638103148982913,
           0.918207831152705,
           1.50723893065478,
           0.9011448894884123,
           1.3311210780577778,
           1.3006552159733404,
           0.9240296799487878,
           0.9377355164662946,
           1.0051508252540189,
           0.9791569579231765,
           0.9216662589571912,
           1.0205159734868114,
           0.9213711099790837,
           1.093874341934973,
           0.8656482554898445,
           1.1055706807548846,
           1.1138403503315968,
           0.9405069846874158,
           1.042172800826494,
           0.8981848686992154,
           0.8432631261975654,
           1.0049922097016604,
           1.0889610596053123,
           1.3078896955916406,
           1.2054543152174282,
           0.9367987826817803,
           1.0429306683474586,
           0.9158311037048628,
           0.9088196224710655,
           0.9135895943028013,
           1.1779692922153528,
           0.8483599469132751,
           0.9117060040545268,
           0.8869433252217044,
           0.8502786479738695,
           0.9255968494841739,
           0.8460313992084579,
           0.9091710864358662,
           1.2427713329267875,
           0.9015913411327172
          ],
          [
           0.8451884551234579,
           0.7849213029046684,
           0.914556426543671,
           0.8877596531751757,
           0.9971331376810074,
           0.985489227521792,
           0.9100681856574717,
           0.9156416516079486,
           0.9505765681909643,
           1.244848783936958,
           1.0708628590562717,
           0.920270580792778,
           1.0854664189576473,
           0,
           0.9885119242078684,
           0.8749259707757593,
           0.8498456910642295,
           1.1237592847280102,
           1.0354999703896104,
           0.9706187141873028,
           0.9349801524699234,
           0.9361875359332653,
           0.9552694329638446,
           1.0144703139813147,
           0.9269315181944682,
           0.8862044557528879,
           0.9546306113788523,
           0.9693856811879832,
           0.9152491270110988,
           1.329963109041058,
           1.0449160257709866,
           0.9015631871613625,
           0.8418358703506383,
           1.1187505712074461,
           1.0050230986692696,
           1.0514430979969538,
           1.287719461014052,
           0.9861936395982679,
           0.8546897268748238,
           0.9263383437017751,
           1.051136848163603,
           1.0794297319208876,
           0.8908376523675297,
           0.9330295881184039,
           0.9834682934712718,
           0.9970405284246496,
           0.8868227604824951,
           1.1752672320748925,
           0.880878318657605,
           1.017081055688318,
           0.9437326783844904,
           1.0634976317369127,
           1.092933720295731,
           1.0751542417601645,
           1.1288800773772798,
           0.9833026162561977,
           0.8895899990226056,
           0.9231064532309158,
           0.9105316166907751,
           1.5776703423952236,
           0.9974013598173824,
           1.1561713602977086,
           1.1105073495630864,
           1.0128886890563225,
           1.0385537629708046,
           1.849953337523781,
           1.1471294962850873,
           0.9867345714744147,
           1.0174744959030795
          ],
          [
           1.0379861752799349,
           0.8933161955426983,
           0.9419938975142389,
           1.010507014720304,
           0.9651486504510437,
           0.8424421621588369,
           1.0956462811678818,
           0.8929187459463563,
           1.2670501778481509,
           0.8365816365782086,
           0.9596263957111362,
           0.9910014208565228,
           0.9299268437851353,
           0.9885119242078684,
           0,
           1.0296209681602837,
           0.9961718176256893,
           0.8919331101091281,
           0.9913625096807841,
           0.9754132961625164,
           0.900066808865759,
           0.9974685448693704,
           0.9443525335495515,
           0.8641691290538478,
           0.9651929591035309,
           1.0823719225633481,
           0.9341130229339185,
           1.111724393594114,
           0.8960803882976097,
           1.1264620146248392,
           1.0175248387315965,
           0.9936280157338296,
           1.1684632016297858,
           1.0810886833401374,
           1.1891702096312171,
           1.0732061841705898,
           1.0359574113953214,
           1.0782320232241605,
           0.9074566486208162,
           1.2405370876798136,
           0.9359013017768931,
           1.6395953666055294,
           0.9205935240015095,
           0.9060652946484189,
           0.8982258371856003,
           0.7931422172842045,
           0.9210390003583908,
           0.9134353609814521,
           1.5898682783194593,
           0.9179027795840394,
           0.9668839135855416,
           0.9746910738142066,
           1.5770500458250503,
           1.2081377868920784,
           0.915623097947508,
           1.254716862150094,
           0.8694282672672025,
           0.9891243325409351,
           0.9069732524818013,
           0.9403764143596302,
           0.9711449511254769,
           0.9321908549720362,
           0.8849677311552164,
           1.0245478308913039,
           0.8306213421348366,
           0.9905081954717053,
           1.3115583207841857,
           0.9056031532309774,
           0.9642274076043569
          ],
          [
           1.1726746247333082,
           1.181403017190303,
           1.2452571610548686,
           0.9510126714930482,
           0.9510455299504378,
           1.1887842269765587,
           0.8942499111640934,
           0.9140061656659434,
           0.9714081491907346,
           0.9594366606191295,
           0.9071085848856085,
           0.9187528141918458,
           0.9245315331825046,
           0.8749259707757593,
           1.0296209681602837,
           0,
           0.9438579390934712,
           1.1541937157035906,
           0.8064287106464608,
           0.8957410958262889,
           1.0688285243675142,
           0.8875860704141165,
           0.8855844538919971,
           0.8752365409724714,
           1.2131859794704178,
           1.5519622107604818,
           0.9376084556672977,
           1.048381517098437,
           0.8655988436517529,
           1.0534209292939458,
           1.3466357430143714,
           0.9285621357554,
           0.9450551514456431,
           1.485236370352292,
           1.0298836291543403,
           0.9180773379937397,
           0.9731581614434197,
           1.1162611619876945,
           1.0751368236133114,
           0.9657687220531528,
           1.6414734790908907,
           1.0694790174144753,
           0.9092976066639813,
           0.9738490125019768,
           0.9465395022940861,
           0.9827778315523403,
           0.9797871471102223,
           1.0976744239393348,
           0.9045318850939582,
           0.9281568781376333,
           1.0331379035459773,
           0.7663663937582298,
           0.9106024432117555,
